     0/299     8.88G      4.43      8.12      1.07      13.6       603       576     0.367     0.625     0.564     0.459       3.3      4.91      0.81
     1/299     8.91G      3.41      6.49     0.764      10.7       678       512      0.45     0.621     0.585     0.513      3.05      4.86      0.76
     2/299     8.91G      3.22      6.45     0.742      10.4       920       576     0.465     0.614     0.583     0.522      3.03      4.86     0.752
     3/299     8.91G      3.16      6.42     0.722      10.3       454       448     0.538     0.611     0.601     0.567      2.91      4.59     0.722
     4/299     8.91G      3.04      5.97     0.704      9.71  1.03e+03       448     0.541      0.62     0.609      0.57       2.9      4.41     0.725
     5/299     8.91G      2.97      5.61     0.696      9.28       386       384      0.63     0.602     0.616     0.611      2.82       4.2      0.71
     6/299     8.91G      2.93      5.45      0.69      9.07       697       512      0.64     0.603      0.62     0.616      2.81      4.17     0.707
     7/299     8.91G      2.92       5.6      0.68      9.21       741       320     0.623      0.61     0.622     0.611       2.8      4.18     0.703
     8/299     8.91G       2.9      5.41     0.682      8.99       796       384     0.632     0.607     0.622     0.616      2.76      4.13     0.698
     9/299     8.91G      2.89      5.56     0.676      9.12       540       576     0.616     0.615     0.624     0.609      2.78      4.16     0.702
    10/299     8.91G      2.86      5.37     0.677       8.9       722       384     0.626     0.617     0.628     0.616      2.75      4.13     0.698
    11/299     8.91G      2.87      5.51     0.672      9.05       641       384     0.635     0.611     0.626     0.618      2.76      4.12     0.693
    12/299     8.91G      2.84      5.31     0.675      8.82       702       512     0.618     0.621     0.631     0.613      2.73       4.1     0.695
    13/299     8.91G      2.83      5.36     0.668      8.85       659       512     0.638     0.617     0.632     0.622      2.72      4.05     0.688
    14/299     8.91G      2.82      5.29     0.668      8.77       658       512     0.635     0.618     0.634     0.622      2.71      4.08     0.687
    15/299     8.91G      2.81      5.25     0.667      8.73       488       512     0.633     0.619     0.632      0.62      2.71      4.06     0.686
    16/299     8.91G       2.8      5.39     0.662      8.85       554       576     0.631      0.62     0.634      0.62       2.7      4.06     0.687
    17/299     8.91G       2.8      5.32     0.663      8.79       707       512     0.622     0.624     0.634     0.617      2.71      4.08     0.691
    18/299     8.91G      2.79      5.24     0.662      8.69       668       576     0.645     0.622     0.638     0.628      2.68      4.02     0.682
    19/299     8.91G      2.79      5.32     0.661      8.77       926       640     0.644     0.621     0.637     0.627      2.69      4.06     0.686
    20/299     8.91G      2.78      5.31     0.662      8.75       529       448     0.645     0.623     0.638     0.628      2.67      4.03     0.684
    21/299     8.91G      2.78      5.33     0.658      8.78       600       512     0.636     0.624     0.638     0.624      2.68      4.04     0.681
    22/299     8.91G      2.78      5.37     0.657       8.8       615       384     0.642     0.626      0.64     0.628      2.66      4.01     0.683
    23/299     8.91G      2.76      5.16     0.657      8.58       651       576     0.641     0.628     0.643     0.629      2.64      3.99      0.68
    24/299     8.91G      2.77      5.31     0.657      8.74       718       576     0.635     0.629     0.642     0.626      2.66      4.01      0.68
    25/299     8.91G      2.75      5.25     0.653      8.65       509       512     0.643     0.629     0.644     0.631      2.65         4      0.68
    26/299     8.91G      2.77      5.33      0.65      8.75       595       576     0.641     0.622     0.637     0.626      2.68      4.05     0.681
    27/299     8.91G      2.79      5.33     0.663      8.79       742       576     0.649     0.625     0.642     0.632      2.65      3.99     0.678
    28/299     8.91G      2.75      5.22     0.655      8.62       454       384     0.647     0.627     0.644     0.632      2.63      3.98     0.677
    29/299     8.91G      2.76      5.32     0.652      8.73       544       576     0.633     0.632     0.644     0.626      2.63      3.98     0.678
    30/299     8.91G      2.74      5.19     0.655      8.58       578       384     0.646      0.63     0.646     0.633      2.62      3.96     0.675
    31/299     8.91G      2.73      5.13     0.656      8.51       657       320     0.646      0.63     0.646     0.633      2.61      3.95     0.673
    32/299     8.91G      2.73       5.2     0.654      8.59       486       448     0.639     0.632     0.647      0.63      2.61      3.95     0.674
    33/299     8.91G      2.73      5.29     0.645      8.66       462       640     0.644     0.633     0.648     0.633      2.61      3.95     0.674
    34/299     8.91G      2.72       5.2      0.65      8.58       509       384     0.642     0.634     0.648     0.633       2.6      3.95     0.674
    35/299     8.91G      2.73       5.2     0.652      8.58       639       448     0.637     0.636     0.649     0.631       2.6      3.94     0.673
    36/299     8.91G      2.73      5.21     0.647      8.59       497       512      0.65     0.633     0.649     0.636       2.6      3.93     0.673
    37/299     8.91G      2.71      5.18     0.647      8.54       508       448     0.648     0.635     0.651     0.636      2.59      3.92     0.671
    38/299     8.91G      2.72      5.21     0.647      8.57       752       320     0.642     0.636      0.65     0.634      2.59      3.93     0.671
    39/299     8.91G      2.71      5.14     0.648       8.5       700       384     0.643     0.637     0.651     0.635      2.58      3.92      0.67
    40/299     8.91G      2.71      5.21     0.645      8.57       460       320     0.645     0.637     0.652     0.636      2.58      3.92     0.669
    41/299     8.91G       2.7      5.14     0.645      8.49       499       384     0.642     0.638     0.653     0.635      2.58      3.91      0.67
    42/299     8.91G      2.69      5.06     0.649      8.39       548       320     0.643     0.639     0.653     0.636      2.57       3.9     0.668
    43/299     8.91G      2.69      5.04     0.649      8.37       637       640     0.646     0.639     0.654     0.638      2.57       3.9     0.668
    44/299     8.91G       2.7      5.16     0.644       8.5       519       512     0.644      0.64     0.654     0.636      2.56       3.9     0.668
    45/299     8.91G      2.69       5.2     0.642      8.53       563       320     0.642      0.64     0.654     0.636      2.56       3.9     0.668
